-0.0317723017434
-0.0941371501097
2.00006019653
-0.0505424543226
0.343629160119
1.44971662688
-0.0723037013334
1.13496002682
0.452752589695
-0.0634370088971
1.76277549824
0.078654800856
-0.0373066398599
2.2076589405
0.449312105629
-0.00886809954484
2.4375277981
0.754899313551
0.0146265588044
2.4463631916
0.456193237801
0.0328885222423
2.28353285676
-0.0353632332424
0.0505388069552
2.01743732698
-0.117064179147
0.0708658043665
1.72437977911
0.224831968529
0.0953466747789
1.44452488301
0.400682451468
0.120158574782
1.23844775042
0.182776126006
0.143420472825
1.12069968972
-0.0944619353039
0.163962685448
1.09568734765
-0.0631840663493
0.182347390543
1.14951944693
0.170163155238
0.199716989804
1.25164275341
0.240400838552
0.217370259975
1.37308107659
0.0806331266116
0.236064591412
1.48627675728
-0.0570216508308
0.255865865302
1.57351033278
0.00849069769578
0.276628257607
1.62755329734
0.158243294541
0.297516389706
1.64470594102
0.171151054841
0.319520124876
1.63147927658
0.0520467940825
0.340282670487
1.5979299722
-0.0161978921629
0.361327941596
1.55247764173
0.0426313656998
0.382756917276
1.50542668779
0.127277535894
0.403212293749
1.46641395661
0.113327168496
0.424517140093
1.43744332534
0.0377440027366
0.445549084487
1.42282163911
0.0147068429103
0.465630396408
1.4223161552
0.0651613668301
0.486197256115
1.4331005947
0.109651982894
0.506847596834
1.45038526752
0.0959948848258
0.526334364626
1.46934884608
0.0433717963185
0.54724555894
1.48792868622
0.0302532810524
0.567762256721
1.50183225366
0.0715428431055
0.588222047669
1.5098976534
0.0987196299298
0.609462520029
1.51222311341
0.0822695032555
0.630431321657
1.5094908816
0.0529306972182
0.65195871582
1.50291757545
0.0560421279702
0.672981387527
1.49509134746
0.0839003011051
0.693643126873
1.48757893507
0.0880741262855
0.714616888406
1.48132786335
0.0696340194844
0.73469080376
1.47730057517
0.0545980707076
0.755406718828
1.47555540731
0.0584153130575
0.776601243636
1.47588832506
0.0776866189796
0.796917532075
1.47783429759
0.080564883817
0.817736283958
1.48071658985
0.0665317823587
0.838045051532
1.48384808144
0.0553067200929
0.859048846371
1.48671716016
0.0643556690359
0.880070568979
1.48876688315
0.0801250899186
0.900255074216
1.48987044409
0.0771966581937
0.921310234338
1.49004518779
0.0639227413213
0.941863050636
1.48948459493
0.0598411708439
0.96242190008
1.48842171327
0.0674860909212
0.983152869595
1.48716779473
0.0747670858472
1.00439500786
1.48605923117
0.0758914509807
1.02546105259
1.48478874646
0.0715593328754
1.04634814046
1.48407289092
0.0673998079094
1.06722744253
1.48381082349
0.0704303555829
1.08792902939
1.48395859563
0.0728011489711
1.10862679611
1.48440712533
0.0720834227778
1.12966506028
1.4850295396
0.0688680495491
1.15070591798
1.48557994203
0.0709759054671
1.17157852988
1.48602195345
0.0757007898809
1.1927964868
1.48631005356
0.0770031447823
1.21333303968
1.48643647139
0.071759860374
1.23387163701
1.48643956406
0.0655857589161
1.25475433961
1.48631573873
0.0674054446819
1.27580905133
1.48612269278
0.0739861924282
1.29635020115
1.48592323224
0.0733871401489
1.31723289666
1.48574979198
0.0684492093498
1.3379437441
1.48561009763
0.0673337426017
1.35882448353
1.48553579231
0.0713207198948
1.37970442058
1.48551518837
0.0745150853616
1.4004126195
1.4855373294
0.0717994482607
1.42077752429
1.48564063819
0.0647841376895
1.44131332183
1.485770703
0.0626037933594
1.46202000431
1.48592930541
0.0641107211782
1.48221423799
1.48606451087
0.0679118567614
1.50275207893
1.4861339676
0.0682721289401
1.52311938863
1.48616573105
0.0639742920303
1.54434280332
1.48616384897
0.0629280385755
1.5645398319
1.48615397728
0.0657782272766
1.58507999307
1.48608323831
0.069083013777
1.60699104265
1.48588731502
0.0779168190289
1.627875184
1.48565715427
0.0782735459454
1.64824363641
1.48556148456
0.0672428328762
1.66895305117
1.48553230207
0.0613362607699
1.6893196397
1.48555615272
0.066763832453
1.70916995394
1.48575795077
0.0661679300454
1.73004778444
1.48595086247
0.0633421476366
1.75041365726
1.4860641238
0.0628984584343
1.77163610831
1.48613084705
0.0677366711224
1.79217554213
1.48611361871
0.0708638747663
1.81322883373
1.48604910984
0.0701491257355
1.83376938092
1.48594405374
0.0685214294498
1.8544805906
1.48585501354
0.0681754023461
1.87536293934
1.48572853744
0.0700424357024
1.89538719262
1.48576383929
0.0649262845428
1.91609614591
1.48578378316
0.0634736127441
1.93731818427
1.48582594403
0.0687793862466
1.95768531617
1.48583398764
0.0726117024182
1.97822254732
1.48589718493
0.0677918432973
1.99809089371
1.48672605356
0.0607599433888
2.01681448378
1.48964266461
0.0623222129969
2.03356378765
1.49564938375
0.0748226644373
2.04662447362
1.50429578947
0.0773143450594
2.0562576866
1.5150368177
0.0657817182055
2.06220761259
1.52624798935
0.0594748113017
2.06435540541
1.53612962575
0.0627215917429
2.06435793493
1.54138662427
0.069397774462
2.06433319479
1.53935442756
0.0710617871342
2.06431440444
1.53135809884
0.0682781980469
2.06429157356
1.52001120986
0.0634217035117
2.06425533437
1.50751318979
0.0664897702601
2.06420124386
1.49644909288
0.0757632842998
2.06410768922
1.48838108163
0.0776795009841
2.06396211653
1.48421025933
0.069729823162
2.0637602476
1.48360290231
0.0626251380903
2.06351223195
1.48587394263
0.0689274837562
2.06324583172
1.48989409409
0.0741636932914
2.06295732048
1.49493961343
0.0664320470527
2.06267279606
1.49966905125
0.0586991221929
2.06240583499
1.50335352923
0.0610570027568
2.06216126938
1.50572141418
0.0673280049019
2.06193962071
1.50663227639
0.0665182885038
2.06173445827
1.50625825853
0.0619525985872
2.06154320854
1.50491111063
0.0598766912675
