0.1
-0.1
2
0.1
-0.1
2
0.1
-0.1
2
0.1
-0.1
2
0.1
-0.1
2
0.1
-0.1
2
0.1
-0.1
2
0.1
-0.1
2
0.1
-0.1
2
0.1
-0.1
2
0.1
-0.1
2
0.1
-0.1
2
0.1
-0.1
2
0.1
-0.1
2
0.1
-0.1
2
0.1
-0.1
2
0.1
-0.1
2
0.1
-0.1
2
0.1
-0.1
2
0.1
-0.1
2
0.1
-0.1
2
1.38923252717
0.0
1.43371580702
0.0
1.52720566033
0.0
1.63510797003
0.0
1.73042846399
0.0
1.78076952867
0.0
1.73832394115
0.0
1.53941801662
0.0
1.15090778139
0.0
0.537094575866
0.0
-0.225459164332
0.0
-1.13581972133
0.0
-2.00764109658
0.0
-2.7519731295
0.0
-3.34329332016
0.0
-3.73234191877
0.0
-3.99382818684
0.0
-4.1426914906
0.0
-4.28358167637
0.0
-4.42245183814
-0.0
-4.63356005058
-0.0
-4.70593978982
-0.0
-4.11496452884
-0.0
-2.81548984794
-0.0
-0.78317523435
-0.0
1.52412446381
-0.0
4.31406022919
-0.0
7.26578402921
0.0
9.96084648322
0.0
10.3679092912
0.0
7.65054130404
0.0
3.92421785731
0.0
0.483157008189
-0.0
0.642618186418
0.0
1.41447407085
0.0
1.73221078576
0.0
1.52002068459
0.0
0.663022846966
0.0
-0.8976922917
0.0
-2.85305875386
0.0
-4.8953464504
0.0
-6.80183777315
-0.0
-8.52643752288
-0.0
-10.1725323034
-0.0
-10.6208522093
-0.0
-8.60451974725
-0.0
-6.13160849058
-0.0
-3.9696730067
-0.0
-0.868084261342
-0.0
4.56839388296
-0.0
10.6214292742
0.0
9.5957607308
0.0
3.56070155765
-0.0
-0.308920398966
-0.0
-0.210968492589
-0.0
0.550874245829
-0.0
1.55086982606
-0.0
2.74120442865
-0.0
4.03403345513
-0.0
5.35189251821
-0.0
6.62839918802
0.0
7.74886772564
0.0
8.56234702141
0.0
8.72719924394
0.0
7.53464082462
0.0
4.02784663507
0.0
-2.17881430058
-0.0
-7.77841182146
-0.0
-9.6355469408
-0.0
-7.67418147384
-0.0
-4.28498811371
0.0
-1.27218258267
0.0
0.323493212687
0.0
0.313959832696
0.0
0.0563714725232
0.0
-0.211174038564
0.0
-0.486096486179
0.0
-0.772389020076
0.0
-1.1077141978
0.0
-1.50789727169
0.0
-2.0148258308
0.0
-2.60475169902
0.0
-3.30375400048
0.0
-4.15286898593
0.0
-5.12483701365
-0.0
-6.12335354877
-0.0
-6.77554483159
-0.0
-6.55061702291
-0.0
-4.59577031206
-0.0
-0.73158185142
-0.0
4.52752289875
0.0
8.76073317521
0.0
9.1790582842
0.0
6.13441217172
0.0
2.37276073769
-0.0
-0.366226422995
-0.0
0.38544893711
-0.0
1.2133308582
-0.0
2.09918281372
-0.0
2.97074717627
0.0
3.88580560828
0.0
4.70077394752
0.0
5.2197551167
0.0
5.05030746899
0.0
3.61394245219
0.0
0.894857714309
0.0
-2.83974842435
0.0
-6.91625119963
-0.0
-9.68581931852
-0.0
-9.0047326358
-0.0
-5.87097579457
-0.0
-2.05686689596
0.0
-0.105781991146
0.0
-1.1156045265
-0.0
-1.89957340072
-0.0
-2.48048855518
-0.0
-2.69907042451
-0.0
-2.41203555573
-0.0
-1.40464380132
-0.0
0.276331867428
-0.0
2.40232293507
-0.0
4.8301540872
-0.0
7.18775073985
0.0
9.36391661835
0.0
10.3629791812
0.0
8.88388801745
0.0
6.29578313243
0.0
3.92771929904
0.0
2.49199363378
0.0
1.1839107565
0.0
-1.16816396905
0.0
-4.74882376787
0.0
-8.33466039801
-0.0
-10.8433672105
-0.0
-10.3468545019
-0.0
-6.35539669618
-0.0
-2.41587557218
0.0
0.399742980503
0.0
-0.433714872983
0.0
-1.4235517539
0.0
-2.26237360523
-0.0
-2.95797511168
-0.0
-3.30252894269
-0.0
-2.99386771116
-0.0
-1.5914189909
-0.0
0.784656895547
-0.0
3.74753057513
-0.0
6.9305836754
0.0
9.6602760222
0.0
10.2702087651
0.0
7.86960531728
0.0
4.45374568033
0.0
1.34681177268
0.0
0.495382191978
0.0
1.08808843419
0.0
1.13930248674
0.0
0.592517414153
0.0
-0.599633710316
0.0
-2.09230853271
0.0
-3.67674857225
0.0
-5.06806963401
-0.0
-6.23762840405
-0.0
-7.38355845759
-0.0
-8.56096607831
-0.0
-9.83072376241
-0.0
-10.4163966881
-0.0
-8.74922280512
-0.0
-6.15953342719
-0.0
-3.09414313739
-0.0
2.25509977019
-0.0
9.55432332823
0.0
9.92688860408
0.0
4.11813847395
-0.0
-0.280854662416
-0.0
-0.561556536707
-0.0
-0.63801155751
-0.0
-0.691218687728
-0.0
-0.711404206181
-0.0
-0.727885268678
-0.0
-0.737344844796
-0.0
-0.732539305242
-0.0
-0.727854756976
-0.0
-0.742120635215
-0.0
-0.756646249414
-0.0
-0.801724426498
-0.0
-0.884474468602
-0.0
-1.01331326045
-0.0
-1.18544275449
-0.0
-1.40334586954
-0.0
-2.06648694846
-0.0
-2.62331158549
-0.0
-3.01544978899
-0.0
-3.46989726829
-0.0
-3.90634956176
-0.0
-4.26761626004
-0.0
-4.56619130917
-0.0
-4.8185891033
-0.0
-5.03373180204
-0.0
-5.20549440088
-0.0
-5.34132747411
-0.0
-7.01190208641
-0.0
-7.11495555679
-0.0
-7.36366894318
-0.0
-7.88119653168
-0.0
-8.59332941533
-0.0
-9.2237539673
-0.0
-8.15687689729
-0.0
-5.5677854229
-0.0
-1.87034612699
-0.0
3.58534466669
-0.0
9.77321786981
0.0
10.4243202348
0.0
5.14745639251
-0.0
0.369558559105
-0.0
-0.452577441372
-0.0
-0.211016048696
-0.0
0.136091054937
-0.0
0.554369060668
-0.0
1.07230325167
-0.0
1.65444286892
-0.0
2.30530334161
-0.0
3.01087464729
-0.0
3.82301271851
-0.0
4.67489438323
-0.0
5.58380002038
0.0
6.59787898772
0.0
7.61155038347
0.0
8.44839326976
0.0
8.55776312297
0.0
6.68049811939
0.0
1.90193280431
0.0
-4.48951137595
-0.0
-8.996715976
-0.0
-9.16621414704
-0.0
-6.58141991634
-0.0
-3.3118284616
0.0
-0.992778311527
0.0
0.23822280511
0.0
0.397384412562
0.0
0.217997044555
0.0
0.0336191576849
0.0
-0.154074055839
0.0
-0.333756981608
0.0
-0.526859741265
0.0
-0.759369867083
0.0
-1.01951273354
0.0
-1.32787662876
0.0
-1.71605981436
0.0
-2.19799638467
0.0
-2.78381055053
0.0
-3.53855841218
0.0
-4.41814679178
-0.0
-5.41358347624
-0.0
-6.32073716799
-0.0
-6.80218052477
-0.0
-6.15696466169
-0.0
-3.42708920846
-0.0
0.0
5.94236583493
0.0
5.97459567869
0.0
5.99677856849
0.0
5.8492923214
-0.0
5.34574475682
-0.0
4.43572689862
-0.0
3.1156622593
-0.0
1.47223443761
-0.0
-0.30635973407
-0.0
-1.88462477107
-0.0
-3.1081917606
-0.0
-3.81473768574
-0.0
-4.12497328748
-0.0
-4.04985894526
-0.0
-3.6971112045
-0.0
-3.07591550607
-0.0
-2.31352227271
-0.0
-1.44111435903
-0.0
-0.568509107924
-0.0
0.266382472061
-0.0
0.998062498016
-0.0
1.6014741654
-0.0
2.0496966285
-0.0
2.35025228755
-0.0
2.47659986012
-0.0
2.43997780306
-0.0
2.25133102564
-0.0
1.91790118703
-0.0
1.47730840944
-0.0
0.968324228878
-0.0
0.399497443565
-0.0
-0.180154311674
-0.0
-0.698512454255
-0.0
-1.09200726722
-0.0
-1.36185857398
-0.0
-1.49909632607
-0.0
-1.51017723296
-0.0
-1.40217840296
-0.0
-1.20055246135
-0.0
-0.933298460232
-0.0
-0.620698051352
-0.0
-0.287452511498
-0.0
0.0266740284017
-0.0
0.326894971291
-0.0
0.575285146435
-0.0
0.764103396434
-0.0
0.889567554387
-0.0
0.940908169977
-0.0
0.924703432884
-0.0
0.843237301144
-0.0
0.705194847457
-0.0
0.532391345928
-0.0
0.32033089783
-0.0
0.118110047501
-0.0
-0.0819533820939
-0.0
-0.253201763029
-0.0
-0.392818172251
-0.0
-0.492592768223
-0.0
-0.548430118423
-0.0
-0.559466626115
-0.0
-0.528982415191
-0.0
-0.459693869359
-0.0
-0.364215335429
-0.0
-0.253142026482
-0.0
-0.131453844111
-0.0
-0.0136931684633
-0.0
0.100267250997
-0.0
0.201174573632
-0.0
0.277391124062
-0.0
0.328396089017
-0.0
0.351737829287
-0.0
0.347195376457
-0.0
0.318290084884
-0.0
0.269481063964
-0.0
0.205117135437
-0.0
0.133642757969
-0.0
0.0561564752097
-0.0
-0.0213008707578
-0.0
-0.0903862942423
-0.0
-0.147675659232
-0.0
-0.189014210155
-0.0
-0.213854397456
-0.0
-0.220727168621
-0.0
-0.210074620555
-0.0
-0.185900475201
-0.0
-0.150656164599
-0.0
-0.106263573411
-0.0
-0.0583884314116
-0.0
-0.00867720980796
-0.0
0.0350499753849
-0.0
0.0734455813439
-0.0
0.103853750629
-0.0
0.124774449074
-0.0
0.134437896632
-0.0
0.133881955022
-0.0
0.123876046201
-0.0
0.104775977734
-0.0
0.0808730136399
-0.0
0.0526484046261
-0.0
0.0228415824676
-0.0
-0.00544526846422
-0.0
-0.0326696531612
-0.0
-0.0545009737398
-0.0
-0.0708246170362
-0.0
-0.0814647119493
-0.0
-0.0844090949659
-0.0
-0.0810135021751
-0.0
-0.0720145258799
-0.0
-0.0582181032392
-0.0
-0.0420897709215
-0.0
-0.0245984176824
-0.0
-0.00544554443354
-0.0
0.0121911655296
-0.0
0.0265566578596
-0.0
0.038458822599
-0.0
0.0467193180966
-0.0
0.051092554335
-0.0
0.051143309725
-0.0
0.0475594149058
-0.0
0.0409100909291
-0.0
0.0319124128773
-0.0
0.0215060125665
-0.0
0.0100872741382
-0.0
-0.000996707804625
-0.0
-0.0109219298897
-0.0
-0.0196338117213
-0.0
-0.02598989302
-0.0
-0.0302309768236
-0.0
-0.0318975219842
-0.0
-0.0310781577502
-0.0
-0.028014749342
-0.0
-0.0231307401263
-0.0
-0.0172583071463
-0.0
-0.0106355488742
-0.0
-0.00369406957627
-0.0
0.00335446826157
-0.0
0.00958946701691
-0.0
0.0143948651424
-0.0
0.0177097793894
-0.0
0.0194335988157
-0.0
0.0196385264623
-0.0
0.018365596508
-0.0
0.0159823676786
-0.0
0.0123897823781
-0.0
0.0081858167504
-0.0
0.00392962231559
-0.0
-0.000342915917523
-0.0
-0.0043496188199
-0.0
-0.00762259166636
-0.0
-0.0100581669673
-0.0
-0.0116711239578
-0.0
-0.0123080303042
-0.0
-0.0120145868878
-0.0
-0.010851340081
-0.0
-0.00906109129709
-0.0
-0.00675397284829
-0.0
-0.00408869547373
-0.0
-0.00138568763609
-0.0
0.00120920505732
-0.0
0.00345189933209
-0.0
0.00524311933499
-0.0
0.00653169772998
-0.0
0.00719557849371
-0.0
0.00729314986367
-0.0
0.00685635920471
-0.0
0.00596700618279
-0.0
0.00468329898
-0.0
0.00320706291271
-0.0
0.00144482726511
-0.0
-0.000183271596446
-0.0
-0.00169924848284
-0.0
-0.00296302131518
-0.0
-0.00390028562432
-0.0
-0.00448941427015
-0.0
-0.00472765724675
-0.0
-0.004609629763
-0.0
-0.00419090963142
-0.0
-0.00352280385979
-0.0
-0.00263709632057
-0.0
-0.00162681196972
-0.0
-0.000613969574439
-0.0
0.000312710447342
-0.0
0.00115266694944
-0.0
0.00183913433006
-0.0
0.00233091376103
-0.0
0.00260338603141
-0.0
0.00264954333483
-0.0
0.00249382693238
-0.0
0.00214696503271
-0.0
0.0016846518899
-0.0
0.00111769128276
-0.0
0.000482243129448
-0.0
-0.000118557295429
-0.0
-0.000667683548356
-0.0
-0.00115267545967
-0.0
-0.00152201455223
-0.0
-0.00175024436667
-0.0
-0.0045413116276
-0.0
-0.00459954776049
-0.0
-0.00433516965461
-0.0
-0.00373579332726
-0.0
-0.00295952969072
-0.0
-0.00206012533106
-0.0
-0.00111487032461
-0.0
-0.000157546307161
-0.0
0.000757588578416
-0.0
0.00152233395205
-0.0
0.00211287952664
-0.0
0.0024834301122
-0.0
0.00264115212646
-0.0
0.00257375315085
-0.0
0.00230901732885
-0.0
0.00189801519354
-0.0
0.00138000609136
-0.0
0.000781368155306
-0.0
0.000166079214903
-0.0
-0.000412880476005
-0.0
-0.000947665319623
-0.0
-0.00137940279199
-0.0
-0.00167567764249
-0.0
-0.00183572377831
-0.0
-0.001860012762
-0.0
-0.00176155714415
-0.0
-0.00155017082366
-0.0
-0.00126544212692
-0.0
-0.000906760998118
-0.0
-0.00051560842685
-0.0
-0.00013225759186
-0.0
0.000218132717926
-0.0
0.000505476428649
-0.0
0.000726620606525
-0.0
0.000864699747481
-0.0
0.000918858958494
-0.0
0.000891804317352
-0.0
0.000793989237947
-0.0
0.000637671307479
-0.0
0.000433553257126
-0.0
0.000205665247795
-0.0
-2.34887847891e-05
-0.0
-0.000251617304118
-0.0
-0.000451994763115
-0.0
-0.000608466041964
-0.0
-0.000723629904786
-0.0
-0.00078735726149
-0.0
-0.000798663548567
-0.0
-0.000761978318483
-0.0
-0.000682362176096
-0.0
-0.000569396076393
-0.0
-0.000435422854329
-0.0
-0.000298286461237
-0.0
-0.000152663585389
-0.0
-2.62254112932e-05
-0.0
8.07507287839e-05
-0.0
0.000166149051712
-0.0
0.000223497769893
-0.0
0.000248111627354
-0.0
0.00024122203239
-0.0
0.000205694880336
-0.0
0.000148717425234
-0.0
7.38869135456e-05
-0.0
-1.26178833835e-05
-0.0
-0.000103317709902
-0.0
-0.000185227270676
-0.0
-0.000257712900823
-0.0
-0.000316730691095
-0.0
-0.000359989788003
-0.0
-0.000384233125949
-0.0
-0.000389740242402
-0.0
-0.000377147984535
-0.0
-0.000349119181596
-0.0
-0.00030948653316
-0.0
-0.000260482464023
-0.0
-0.000206138694479
-0.0
-0.00015261208936
-0.0
-0.000105373537309
-0.0
-6.45016647175e-05
-0.0
-3.21128605306e-05
-0.0
-1.12937906387e-05
-0.0
-1.87864705126e-06
-0.0
-3.62547900501e-06
-0.0
-1.59102433148e-05
-0.0
-3.65971023937e-05
-0.0
-6.28501071602e-05
-0.0
-9.43747855345e-05
-0.0
-0.000126812685063
-0.0
-0.000158957979598
-0.0
-0.000188145325315
-0.0
-0.000212003279245
-0.0
-0.000228276314521
-0.0
-0.000237202031752
-0.0
-0.000239457990237
-0.0
-0.000234553219987
-0.0
-0.000224089122214
-0.0
-0.000208925535672
-0.0
-0.000190685501666
-0.0
-0.000170066454848
-0.0
-0.000148746253459
-0.0
-0.000130163520144
-0.0
-0.000114357890382
-0.0
-0.000102459760681
-0.0
-9.5434455305e-05
-0.0
-9.29475492802e-05
-0.0
-9.45891243639e-05
-0.0
-0.000100329752192
-0.0
-0.000109668698069
-0.0
-0.000121069836559
-0.0
-0.000133724382234
-0.0
-0.000146708484146
-0.0
-0.000158800704754
-0.0
-0.000169024841914
-0.0
-0.000176584093114
-0.0
-0.000181711505591
-0.0
-0.000184267183088
-0.0
-5.31766356616
-0.0
-5.42504062855
-0.0
-5.68922968128
-0.0
-5.94917168151
-0.0
-5.94530761689
-0.0
-5.39952920827
-0.0
-4.26364116941
-0.0
-2.69585512913
-0.0
-0.927619571478
-0.0
0.905968308892
-0.0
2.42597079818
-0.0
3.60475859665
-0.0
4.4466423806
-0.0
4.89850873797
-0.0
5.06170389409
-0.0
4.99601276433
-0.0
4.70035890453
-0.0
4.18435913848
-0.0
3.41492558785
-0.0
2.43151603702
-0.0
1.27838814015
-0.0
0.0225030775788
-0.0
-1.14714747895
-0.0
-2.0872244052
-0.0
-2.69602212519
-0.0
-2.95137401147
-0.0
-2.90172323287
-0.0
-2.5805306209
-0.0
-2.10624791489
-0.0
-1.51140860365
-0.0
-0.851814386215
-0.0
-0.215202355814
-0.0
0.359388168915
-0.0
0.865939248097
-0.0
1.24694903138
-0.0
1.50738171507
-0.0
1.64549158213
-0.0
1.65943392155
-0.0
1.56198320205
-0.0
1.36590042243
-0.0
1.09229491835
-0.0
0.756901733543
-0.0
0.380395587334
-0.0
0.00760869996399
-0.0
-0.322795201779
-0.0
-0.596814133152
-0.0
-0.797934944132
-0.0
-0.913891271273
-0.0
-0.935459765676
-0.0
-0.879051862176
-0.0
-0.759933059885
-0.0
-0.596151005202
-0.0
-0.40436626593
-0.0
-0.192611000873
-0.0
0.00783248170282
-0.0
0.185990762333
-0.0
0.333972545779
-0.0
0.442873757418
-0.0
0.508789635612
-0.0
0.528907716403
-0.0
0.508298540216
-0.0
0.450721452896
-0.0
0.36591404402
